master_peak_14 chr5 53207 54135 . 929 97 565 53.9599061208891 265.978856328579 -1.5951755265886
master_peak_16 chr5 91031 92210 . 1180 81 312 45.0593030494022 146.876819777905 -1.18161480708259
master_peak_23 chr5 169387 169850 . 464 54 239 30.0395353662682 112.511410022177 -1.32054027931278
master_peak_208 chr5 2387679 2388203 . 525 8 40 4.45030153574343 18.8303615099879 -1.44249868637964
master_peak_209 chr5 2428964 2429612 . 649 18 97 10.0131784554227 45.6636266617206 -1.51739999455276
master_peak_210 chr5 2429957 2430214 . 258 9 49 5.00658922771136 23.0671928497351 -1.52765649471995
master_peak_211 chr5 2430572 2430875 . 304 14 57 7.78802768755101 26.8332651517327 -1.23705471216483
master_peak_212 chr5 2511488 2511748 . 261 2 20 1.11257538393586 9.41518075499393 -2.13564586693959
master_peak_213 chr5 2538132 2538521 . 390 10 49 5.56287691967929 23.0671928497351 -1.42229597906212
master_peak_215 chr5 2817357 2817580 . 224 3 10 1.66886307590379 4.70759037749696 -1.03703357827148
master_peak_216 chr5 2908844 2909361 . 518 11 36 6.11916461164722 16.9473253589891 -1.01868443960328
master_peak_229 chr5 3564956 3565195 . 240 3 26 1.66886307590379 12.2397349814921 -1.99254502329891
master_peak_230 chr5 3612599 3613369 . 771 20 260 11.1257538393586 122.397349814921 -2.39801013140708
master_peak_231 chr5 3619348 3620182 . 835 22 91 12.2383292232944 42.8390724352224 -1.25287782710408
master_peak_232 chr5 3633927 3634581 . 655 11 332 6.11916461164722 156.292000532899 -3.24030047006366
master_peak_233 chr5 3660085 3660693 . 609 47 245 26.1455215224927 115.335964248676 -1.48417138278021
master_peak_234 chr5 3661891 3662575 . 685 11 158 6.11916461164722 74.379927964452 -2.49776053417414
master_peak_235 chr5 3671407 3671673 . 267 6 39 3.33772615180757 18.3596024722382 -1.70486295084713
master_peak_236 chr5 3694589 3695310 . 722 117 532 65.0856599602477 250.443808082839 -1.34753032848943
master_peak_237 chr5 3740925 3741735 . 811 55 247 30.5958230582361 116.277482324175 -1.33511592534105
master_peak_238 chr5 3845157 3845482 . 326 6 38 3.33772615180757 17.8888434344885 -1.67888746444387
master_peak_241 chr5 4058904 4059230 . 327 16 86 8.90060307148686 40.4852772464739 -1.51481934795927
master_peak_242 chr5 4082824 4083707 . 884 39 241 21.6952199867492 113.452928097677 -1.65429606130655
master_peak_243 chr5 4116733 4117385 . 653 31 218 17.2449184510058 102.625470229434 -1.78356863224949
master_peak_244 chr5 4143580 4144648 . 1069 20 159 11.1257538393586 74.8506870022017 -1.90623270261178
master_peak_245 chr5 4258319 4258592 . 274 3 27 1.66886307590379 12.7104940192418 -2.03028535128176
master_peak_246 chr5 4295780 4296182 . 403 16 64 8.90060307148686 30.1285784159806 -1.21935513506543
master_peak_247 chr5 4310786 4311053 . 268 4 22 2.22515076787172 10.3566988304933 -1.53780886618397
master_peak_248 chr5 4313085 4313514 . 430 6 36 3.33772615180757 16.9473253589891 -1.6248202431736
master_peak_249 chr5 4348321 4348930 . 610 35 240 19.4700692188775 112.982169059927 -1.75835163579812
master_peak_250 chr5 4370143 4370753 . 611 110 548 61.1916461164722 257.975952686834 -1.43885569510114
master_peak_251 chr5 4372553 4373408 . 856 88 476 48.9533168931777 224.081301968856 -1.52114181369876
master_peak_252 chr5 4384680 4384945 . 266 28 120 15.576055375102 56.4910845299636 -1.28834800655238
master_peak_254 chr5 4416501 4416839 . 339 7 25 3.8940138437755 11.7689759437424 -1.10602644975843
master_peak_255 chr5 4453624 4453848 . 225 4 17 2.22515076787172 8.00290364174484 -1.27997975688187
master_peak_258 chr5 4563264 4563831 . 568 34 124 18.9137815269096 58.3741206809624 -1.12698181493442
master_peak_260 chr5 4576053 4576701 . 649 29 154 16.1323430670699 72.4968918134533 -1.5027175463727
master_peak_263 chr5 4615422 4615907 . 486 4 51 2.22515076787172 24.0087109252345 -2.37859204554998
master_peak_265 chr5 4661854 4663216 . 1363 48 294 26.7018092144606 138.403157098411 -1.64543953037633
master_peak_267 chr5 4720812 4721291 . 480 11 41 6.11916461164722 19.3011205477376 -1.14873756785148
master_peak_291 chr5 5140455 5140695 . 241 13 45 7.23173999558308 21.1841566987363 -1.07477390625433
master_peak_321 chr5 5572091 5572770 . 680 36 188 20.0263569108454 88.5026990969429 -1.48598379831938
master_peak_328 chr5 5651891 5652610 . 720 61 277 33.9335492100437 130.400253456666 -1.34620441595957
master_peak_378 chr5 6827767 6828021 . 255 14 58 7.78802768755101 27.3040241894824 -1.2544464548767
master_peak_379 chr5 6833242 6833692 . 451 22 78 12.2383292232944 36.7192049444763 -1.09872714727682
master_peak_384 chr5 6966117 6966723 . 607 6 42 3.33772615180757 19.7718795854873 -1.77897092300086
master_peak_385 chr5 7066749 7067126 . 378 14 80 7.78802768755101 37.6607230199757 -1.57603007900417
master_peak_386 chr5 7068205 7068892 . 688 9 70 5.00658922771136 32.9531326424788 -1.88433143865868
master_peak_388 chr5 7170585 7171095 . 511 7 73 3.8940138437755 34.3654097557278 -2.17761006603862
master_peak_390 chr5 7321531 7322146 . 616 58 342 32.2646861341399 160.999590910396 -1.60742850046173
master_peak_391 chr5 7373081 7373299 . 219 3 15 1.66886307590379 7.06138556624545 -1.44249868637964
master_peak_393 chr5 7411036 7411443 . 408 7 84 3.8940138437755 39.5437591709745 -2.31796742373354
master_peak_395 chr5 7638565 7638857 . 293 11 52 6.11916461164722 24.4794699629842 -1.3864092197286
master_peak_396 chr5 7705400 7705700 . 301 6 31 3.33772615180757 14.5935301702406 -1.47528850920263
master_peak_397 chr5 7713970 7714888 . 919 79 447 43.9467276654664 210.429289874114 -1.56617151609209
master_peak_398 chr5 7728187 7728593 . 407 6 35 3.33772615180757 16.4765663212394 -1.5966493662069
master_peak_416 chr5 7976219 7976987 . 769 18 206 10.0131784554227 96.9763617764375 -2.27056518483896
master_peak_417 chr5 7991260 7991531 . 272 1 71 0.556287691967929 33.4238916802285 -4.09574065098686
master_peak_418 chr5 8010306 8010606 . 301 0 44 0 20.7133976609866 -Inf
master_peak_419 chr5 8014251 8014625 . 375 3 44 1.66886307590379 20.7133976609866 -2.51863811919569
master_peak_420 chr5 8060795 8061496 . 702 17 477 9.45689076345479 224.552061006605 -3.16736392077767
master_peak_421 chr5 8080609 8080957 . 349 0 22 0 10.3566988304933 -Inf
master_peak_422 chr5 8089717 8089959 . 243 3 19 1.66886307590379 8.94442171724423 -1.67888746444387
master_peak_423 chr5 8149326 8149953 . 628 10 97 5.56287691967929 45.6636266617206 -2.10518665945488
master_peak_424 chr5 8209614 8209957 . 344 3 55 1.66886307590379 25.8917470762333 -2.7417816705099
master_peak_425 chr5 8226669 8227458 . 790 9 95 5.00658922771136 44.7221085862212 -2.18971308820986
master_peak_426 chr5 8229814 8230241 . 428 14 155 7.78802768755101 72.9676508512029 -2.23742856124953
master_peak_427 chr5 8247224 8247839 . 616 15 122 8.34431537951893 57.432602605463 -1.92903161757659
master_peak_428 chr5 8269868 8270547 . 680 7 144 3.8940138437755 67.7893014359563 -2.85696392446623
master_peak_429 chr5 8272281 8272783 . 503 9 100 5.00658922771136 47.0759037749696 -2.24100638259741
master_peak_430 chr5 8306534 8306755 . 222 1 23 0.556287691967929 10.827457868243 -2.96855498987469
master_peak_431 chr5 8322493 8322822 . 330 6 71 3.33772615180757 33.4238916802285 -2.3039811817588
master_peak_432 chr5 8329753 8330342 . 590 44 196 24.4766584465889 92.2687713989405 -1.3269857992578
master_peak_433 chr5 8340121 8341020 . 900 76 281 42.2778645895626 132.283289607665 -1.14068210299296
master_peak_435 chr5 8366258 8366629 . 372 45 230 25.0329461385568 108.27457868243 -1.46447759309842
master_peak_437 chr5 8396640 8397009 . 370 3 69 1.66886307590379 32.4823736047291 -2.96855498987469
master_peak_439 chr5 8440443 8440845 . 403 23 88 12.7946169152624 41.4267953219733 -1.1749033724946
master_peak_441 chr5 8478384 8478788 . 405 7 70 3.8940138437755 32.9531326424788 -2.13564586693959
master_peak_442 chr5 8491348 8491658 . 311 4 50 2.22515076787172 23.5379518874848 -2.3587894182538
master_peak_443 chr5 8500464 8500779 . 316 7 80 3.8940138437755 37.6607230199757 -2.26917725956411
master_peak_444 chr5 8508110 8508751 . 642 109 401 60.6353584245042 188.774374137628 -1.13567431902297
master_peak_445 chr5 8517331 8517831 . 501 29 220 16.1323430670699 103.566988304933 -1.85939249031143
master_peak_446 chr5 8520927 8521416 . 490 41 219 22.8077953706851 103.096229267184 -1.50856043705774
master_peak_447 chr5 8535143 8535669 . 527 14 76 7.78802768755101 35.7776868689769 -1.52473678461661
master_peak_448 chr5 8597890 8598606 . 717 13 81 7.23173999558308 38.1314820577254 -1.66256057115644
master_peak_449 chr5 8601873 8602284 . 412 10 82 5.56287691967929 38.6022410954751 -1.93719492821575
master_peak_450 chr5 8614521 8614879 . 359 7 31 3.8940138437755 14.5935301702406 -1.32113782937538
master_peak_451 chr5 8633824 8634320 . 497 16 67 8.90060307148686 31.5408555292297 -1.26516467109673
master_peak_455 chr5 8730254 8730514 . 261 11 85 6.11916461164722 40.0145182087242 -1.87781675763749
master_peak_476 chr5 9034679 9035214 . 536 36 140 20.0263569108454 65.9062652849575 -1.19118425809874
master_peak_492 chr5 9251437 9251767 . 331 14 61 7.78802768755101 28.7163013027315 -1.30487730850359
master_peak_500 chr5 9343251 9343486 . 236 19 65 10.5694661473906 30.5993374537303 -1.06300906467474
master_peak_511 chr5 9483296 9483603 . 308 16 54 8.90060307148686 25.4209880384836 -1.04945609827004
master_peak_518 chr5 9604382 9605038 . 657 4 143 2.22515076787172 67.3185423982066 -3.40961104308556
master_peak_519 chr5 9644577 9644951 . 375 9 151 5.00658922771136 71.0846147002042 -2.65311603342425
master_peak_520 chr5 9652144 9652773 . 630 21 222 11.6820415313265 104.508506380433 -2.1912157180944
master_peak_521 chr5 9653663 9654240 . 578 31 231 17.2449184510058 108.74533772018 -1.84149127998219
master_peak_522 chr5 9660451 9660712 . 262 3 38 1.66886307590379 17.8888434344885 -2.37203464500382
master_peak_523 chr5 9715972 9716257 . 286 3 82 1.66886307590379 38.6022410954751 -3.14116773254169
master_peak_524 chr5 9716792 9717250 . 459 26 452 14.4634799911662 212.783085062863 -2.68864641575629
master_peak_525 chr5 9766537 9767021 . 485 24 156 13.3509046072303 73.4384098889526 -1.70486295084713
master_peak_526 chr5 9774468 9775627 . 1160 73 521 40.6090015136588 245.265458667592 -1.79835137455052
master_peak_527 chr5 9820642 9821062 . 421 6 36 3.33772615180757 16.9473253589891 -1.6248202431736
master_peak_528 chr5 9829703 9830093 . 391 6 40 3.33772615180757 18.8303615099879 -1.73018075883142
master_peak_529 chr5 9835250 9835685 . 436 5 65 2.78143845983964 30.5993374537303 -2.39801013140708
master_peak_531 chr5 9863541 9864143 . 603 28 131 15.576055375102 61.6694339452102 -1.37605358697149
master_peak_532 chr5 9869354 9870172 . 819 39 194 21.6952199867492 91.3272533234411 -1.43735728687922
master_peak_533 chr5 9888459 9889032 . 574 45 262 25.0329461385568 123.33886789042 -1.59474278793632
master_peak_534 chr5 9892661 9893063 . 403 39 168 21.6952199867492 79.087518341949 -1.29346310721915
master_peak_539 chr5 9947240 9947708 . 469 7 62 3.8940138437755 29.1870603404812 -2.01428500993532
master_peak_540 chr5 9986458 9986777 . 320 6 82 3.33772615180757 38.6022410954751 -2.44802055198174
master_peak_565 chr5 10333687 10333908 . 222 5 59 2.78143845983964 27.7747832272321 -2.30116030541716
master_peak_644 chr5 11483920 11484153 . 234 4 19 2.22515076787172 8.94442171724423 -1.39120539199209
master_peak_656 chr5 11766237 11766453 . 217 8 34 4.45030153574343 16.0058072834897 -1.27997975688187
master_peak_665 chr5 11941667 11941941 . 275 17 56 9.45689076345479 26.362506113983 -1.02519912062448
master_peak_674 chr5 12231698 12232103 . 406 6 20 3.33772615180757 9.41518075499393 -1.03703357827148
master_peak_681 chr5 12353804 12354111 . 308 23 77 12.7946169152624 36.2484459067266 -1.04137197987008
master_peak_682 chr5 12354404 12355080 . 677 17 132 9.45689076345479 62.1401929829599 -1.8826493524757
master_peak_683 chr5 12363771 12363997 . 227 5 26 2.78143845983964 12.2397349814921 -1.48171939953292
master_peak_702 chr5 12833873 12834310 . 438 7 31 3.8940138437755 14.5935301702406 -1.32113782937538
master_peak_721 chr5 13276079 13276475 . 397 22 79 12.2383292232944 37.189963982226 -1.11146617305425
master_peak_731 chr5 13385788 13386174 . 387 19 66 10.5694661473906 31.07009649148 -1.07827653680553
master_peak_736 chr5 13510483 13510990 . 508 86 280 47.8407415092419 131.812530569915 -1.01350308086128
master_peak_753 chr5 13866796 13867084 . 289 10 76 5.56287691967929 35.7776868689769 -1.86120902123783
master_peak_754 chr5 13874642 13874967 . 326 10 35 5.56287691967929 16.4765663212394 -1.08582374244091
master_peak_791 chr5 14249968 14250673 . 706 62 330 34.4898369020116 155.3504824574 -1.50501904336098
master_peak_803 chr5 14388032 14388255 . 224 7 23 3.8940138437755 10.827457868243 -1.02264484081938
master_peak_823 chr5 14593252 14593912 . 661 98 321 54.516193812857 151.113651117653 -1.01953441840499
master_peak_824 chr5 14628368 14628598 . 231 9 76 5.00658922771136 35.7776868689769 -1.96656953689565
master_peak_860 chr5 15183619 15183839 . 221 7 28 3.8940138437755 13.1812530569915 -1.21935513506543
master_peak_862 chr5 15203275 15203895 . 621 21 287 11.6820415313265 135.107843834163 -2.44802055198174
master_peak_864 chr5 15222323 15222691 . 369 5 53 2.78143845983964 24.9502290007339 -2.19391477506356
master_peak_865 chr5 15241265 15241620 . 356 8 36 4.45030153574343 16.9473253589891 -1.33713817072182
master_peak_866 chr5 15248897 15249605 . 709 70 235 38.940138437755 110.628373871179 -1.04415104604034
master_peak_867 chr5 15252396 15252775 . 380 23 174 12.7946169152624 81.9120725684472 -1.85662185723092
master_peak_868 chr5 15285887 15286423 . 537 26 169 14.4634799911662 79.5582773796987 -1.70486295084713
master_peak_869 chr5 15366626 15366928 . 303 3 61 1.66886307590379 28.7163013027315 -2.84532234945074
master_peak_870 chr5 15440579 15440811 . 233 15 50 8.34431537951893 23.5379518874848 -1.03703357827148
master_peak_874 chr5 15510902 15511340 . 439 8 35 4.45030153574343 16.4765663212394 -1.30896729375512
master_peak_900 chr5 16013567 16013988 . 422 12 67 6.67545230361515 31.5408555292297 -1.55284674354851
master_peak_901 chr5 16037150 16037442 . 293 10 73 5.56287691967929 34.3654097557278 -1.82093512209989
master_peak_902 chr5 16051306 16051549 . 244 6 56 3.33772615180757 26.362506113983 -2.06665299545264
master_peak_903 chr5 16056949 16057787 . 839 57 280 31.7083984421719 131.812530569915 -1.42479910928024
master_peak_904 chr5 16065827 16066071 . 245 5 33 2.78143845983964 15.53504824574 -1.72013042297792
master_peak_905 chr5 16127094 16127663 . 570 13 82 7.23173999558308 38.6022410954751 -1.67483066374826
master_peak_906 chr5 16140618 16141371 . 754 16 86 8.90060307148686 40.4852772464739 -1.51481934795927
master_peak_909 chr5 16205286 16205593 . 308 8 40 4.45030153574343 18.8303615099879 -1.44249868637964
master_peak_910 chr5 16205841 16206440 . 600 12 115 6.67545230361515 54.1372893412151 -2.09308625252079
master_peak_911 chr5 16216644 16216921 . 278 5 39 2.78143845983964 18.3596024722382 -1.88718450764109
master_peak_913 chr5 16265102 16265723 . 622 31 231 17.2449184510058 108.74533772018 -1.84149127998219
master_peak_914 chr5 16304445 16305163 . 719 39 326 21.6952199867492 153.467446306401 -1.9563965091826
master_peak_915 chr5 16312707 16313320 . 614 18 229 10.0131784554227 107.80381964468 -2.37641101960362
master_peak_917 chr5 16335020 16335941 . 922 32 185 17.8012061429737 87.0904219836938 -1.58768069622414
master_peak_920 chr5 16411839 16412704 . 866 88 364 48.9533168931777 171.35628974089 -1.25287782710408
master_peak_943 chr5 16736108 16736686 . 579 34 126 18.9137815269096 59.3156387564618 -1.14298215628086
master_peak_1012 chr5 17865886 17866386 . 501 26 120 14.4634799911662 56.4910845299636 -1.36245597870611
master_peak_1049 chr5 18614035 18614281 . 247 14 45 7.78802768755101 21.1841566987363 -1.0006659341006
master_peak_1051 chr5 18653413 18653690 . 278 4 26 2.22515076787172 12.2397349814921 -1.70486295084713
master_peak_1087 chr5 19713782 19714097 . 316 8 28 4.45030153574343 13.1812530569915 -1.08582374244091
master_peak_1230 chr5 26846919 26847600 . 682 15 98 8.34431537951893 46.1343856994703 -1.7099780515139
master_peak_1231 chr5 26872273 26872662 . 390 14 58 7.78802768755101 27.3040241894824 -1.2544464548767
master_peak_1309 chr5 29942221 29942440 . 220 3 15 1.66886307590379 7.06138556624545 -1.44249868637964
master_peak_1328 chr5 30705640 30705906 . 267 1 25 0.556287691967929 11.7689759437424 -3.05193659881374
master_peak_1333 chr5 30918105 30918592 . 488 13 60 7.23173999558308 28.2455422649818 -1.36245597870611
master_peak_1341 chr5 31138719 31139280 . 562 23 130 12.7946169152624 61.1986749074605 -1.56510100847197
master_peak_1376 chr5 32071433 32071817 . 385 9 72 5.00658922771136 33.8946507179781 -1.91250231562538
master_peak_1425 chr5 32933599 32934114 . 516 25 105 13.9071922991982 49.4296989637181 -1.26814529923486
master_peak_1514 chr5 34534253 34534987 . 735 38 140 21.1389322947813 65.9062652849575 -1.13711703682846
master_peak_1566 chr5 35404824 35405074 . 251 2 38 1.11257538393586 17.8888434344885 -2.77749975311198
master_peak_1577 chr5 35803294 35803674 . 381 16 57 8.90060307148686 26.8332651517327 -1.10352331954031
master_peak_1594 chr5 36066310 36067045 . 736 23 123 12.7946169152624 57.9033616432127 -1.50975091338881
master_peak_1607 chr5 36301655 36302279 . 625 28 138 15.576055375102 64.9647472094581 -1.42810994892754
master_peak_1610 chr5 36357439 36357771 . 333 15 59 8.34431537951893 27.7747832272321 -1.20254801674905
master_peak_1750 chr5 38709678 38710102 . 425 8 36 4.45030153574343 16.9473253589891 -1.33713817072182
master_peak_1899 chr5 41128013 41128491 . 479 6 30 3.33772615180757 14.1227711324909 -1.44249868637964
master_peak_2038 chr5 44321197 44321531 . 335 7 35 3.8940138437755 16.4765663212394 -1.44249868637964
master_peak_2040 chr5 44388683 44389908 . 1226 19 143 10.5694661473906 67.3185423982066 -1.85146642503901
master_peak_2045 chr5 44714952 44715387 . 436 14 58 7.78802768755101 27.3040241894824 -1.2544464548767
master_peak_2081 chr5 46096390 46096879 . 490 15 49 8.34431537951893 23.0671928497351 -1.01683087095396
master_peak_2127 chr5 51389331 51390195 . 865 28 166 15.576055375102 78.1460002664496 -1.61284405212688
master_peak_2183 chr5 52837088 52837419 . 332 19 66 10.5694661473906 31.07009649148 -1.07827653680553
master_peak_2258 chr5 54159260 54159596 . 337 12 44 6.67545230361515 20.7133976609866 -1.1323437580758
master_peak_2376 chr5 56278421 56278945 . 525 68 249 37.8275630538192 117.219000399674 -1.13100596523414
master_peak_2379 chr5 56319478 56319836 . 359 15 58 8.34431537951893 27.3040241894824 -1.18545358338975
master_peak_2459 chr5 57804069 57804436 . 368 10 46 5.56287691967929 21.654915736486 -1.35911707744059
master_peak_2492 chr5 58322573 58322929 . 357 16 69 8.90060307148686 32.4823736047291 -1.29457855630302
master_peak_2547 chr5 59328634 59329099 . 466 10 76 5.56287691967929 35.7776868689769 -1.86120902123783
master_peak_2554 chr5 59485789 59486216 . 428 13 48 7.23173999558308 22.5964338119854 -1.1393124273919
master_peak_2588 chr5 59893550 59894323 . 774 86 327 47.8407415092419 153.938205344151 -1.16867364858929
master_peak_2653 chr5 61180911 61181465 . 555 13 43 7.23173999558308 20.2426386232369 -1.02931153217757
master_peak_2655 chr5 61252063 61252880 . 818 63 216 35.0461245939795 101.683952153934 -1.06520445523817
master_peak_2681 chr5 61525689 61526134 . 446 15 102 8.34431537951893 48.017421850469 -1.7499833861276
master_peak_2701 chr5 61860808 61861204 . 397 8 32 4.45030153574343 15.0642892079903 -1.21935513506543
master_peak_2712 chr5 61993465 61993922 . 458 38 141 21.1389322947813 66.3770243227072 -1.14423450459732
master_peak_2757 chr5 63240234 63240492 . 259 1 20 0.556287691967929 9.41518075499393 -2.82879304749953
master_peak_2768 chr5 63725560 63725871 . 312 9 38 5.00658922771136 17.8888434344885 -1.27342235633571
master_peak_2777 chr5 64165520 64166435 . 916 96 342 53.4036184289212 160.999590910396 -1.10352331954031
master_peak_2784 chr5 64506083 64506724 . 642 10 104 5.56287691967929 48.9589399259684 -2.17486658009287
master_peak_2789 chr5 64637190 64637581 . 392 20 77 11.1257538393586 36.2484459067266 -1.18113392224524
master_peak_2799 chr5 64838926 64839188 . 263 5 40 2.78143845983964 18.8303615099879 -1.91250231562538
master_peak_2938 chr5 67182488 67182743 . 256 14 65 7.78802768755101 30.5993374537303 -1.36839071422592
master_peak_2953 chr5 67350290 67351095 . 806 24 180 13.3509046072303 84.7366267949454 -1.84796379448781
master_peak_2960 chr5 67658650 67658878 . 229 2 13 1.11257538393586 6.11986749074605 -1.70486295084713
master_peak_2969 chr5 67934894 67935231 . 338 6 33 3.33772615180757 15.53504824574 -1.53780886618397
master_peak_2980 chr5 68141592 68141821 . 230 3 25 1.66886307590379 11.7689759437424 -1.95332431014563
master_peak_3106 chr5 72166665 72166917 . 253 5 34 2.78143845983964 16.0058072834897 -1.7499833861276
master_peak_3136 chr5 72556442 72556958 . 517 18 78 10.0131784554227 36.7192049444763 -1.29939784273897
master_peak_3140 chr5 72634593 72634900 . 308 4 48 2.22515076787172 22.5964338119854 -2.31796742373354
master_peak_3337 chr5 76082973 76083764 . 792 44 169 24.4766584465889 79.5582773796987 -1.17876985495035
master_peak_3572 chr5 80569795 80570442 . 648 38 137 21.1389322947813 64.4939881717084 -1.11545554004728
master_peak_3632 chr5 81778799 81779838 . 1040 40 131 22.2515076787172 61.6694339452102 -1.01937864303276
master_peak_3738 chr5 83844449 83844996 . 548 44 146 24.4766584465889 68.7308195114557 -1.03247776173562
master_peak_3798 chr5 86284343 86284651 . 309 6 20 3.33772615180757 9.41518075499393 -1.03703357827148
master_peak_3812 chr5 86797666 86797899 . 234 5 37 2.78143845983964 17.4180843967388 -1.83454077415567
master_peak_3882 chr5 88204177 88204538 . 362 8 26 4.45030153574343 12.2397349814921 -1.01171577028719
master_peak_3891 chr5 88397709 88398046 . 338 10 52 5.56287691967929 24.4794699629842 -1.48171939953292
master_peak_3922 chr5 88889163 88889885 . 723 4 258 2.22515076787172 121.455831739422 -3.99972599774727
master_peak_3955 chr5 89560883 89561103 . 221 16 58 8.90060307148686 27.3040241894824 -1.12091506225218
master_peak_4099 chr5 92914288 92914675 . 388 12 42 6.67545230361515 19.7718795854873 -1.08582374244091
master_peak_4138 chr5 93604007 93604327 . 321 10 38 5.56287691967929 17.8888434344885 -1.16806184067788
master_peak_4228 chr5 95620046 95621663 . 1618 235 849 130.727607612463 399.674423049492 -1.11753444611273
master_peak_4235 chr5 95718296 95718579 . 284 37 124 20.5826446028134 58.3741206809624 -1.04242442690635
master_peak_4514 chr5 101903415 101903703 . 289 3 13 1.66886307590379 6.11986749074605 -1.29939784273897
master_peak_4765 chr5 108661733 108662049 . 317 13 53 7.23173999558308 24.9502290007339 -1.23840333003613
master_peak_4814 chr5 109939173 109939411 . 239 22 72 12.2383292232944 33.8946507179781 -1.01868443960328
master_peak_4816 chr5 110000695 110001175 . 481 23 83 12.7946169152624 39.0730001332248 -1.11640716581299
master_peak_4818 chr5 110054339 110054558 . 220 8 40 4.45030153574343 18.8303615099879 -1.44249868637964
master_peak_4821 chr5 110159275 110159598 . 324 6 27 3.33772615180757 12.7104940192418 -1.33713817072182
master_peak_4822 chr5 110258349 110259074 . 726 39 396 21.6952199867492 186.42057894888 -2.15091333907038
master_peak_4823 chr5 110288739 110289365 . 627 16 97 8.90060307148686 45.6636266617206 -1.63518303020914
master_peak_4824 chr5 110321094 110321464 . 371 6 62 3.33772615180757 29.1870603404812 -2.16843568976258
master_peak_4825 chr5 110361442 110362022 . 581 16 182 8.90060307148686 85.6781448704448 -2.26447873878256
master_peak_4826 chr5 110377680 110378528 . 849 41 475 22.8077953706851 223.610542931106 -2.28280351127588
master_peak_4827 chr5 110386810 110387349 . 540 80 522 44.5030153574343 245.736217705342 -1.7087017271543
master_peak_4828 chr5 110401681 110402288 . 608 9 58 5.00658922771136 27.3040241894824 -1.69627920715574
master_peak_4831 chr5 110478772 110479224 . 453 56 310 31.152110750204 145.935301702406 -1.54428138068958
master_peak_4834 chr5 110651434 110651718 . 285 3 12 1.66886307590379 5.64910845299636 -1.21935513506543
master_peak_4836 chr5 110707213 110707591 . 379 15 67 8.34431537951893 31.5408555292297 -1.3297031922343
master_peak_4843 chr5 110899789 110900131 . 343 11 39 6.11916461164722 18.3596024722382 -1.09872714727682
master_peak_4844 chr5 110900790 110901225 . 436 33 117 18.3574938349417 55.0788074167145 -1.09872714727682
master_peak_4845 chr5 110916391 110917178 . 788 74 300 41.1652892056267 141.227711324909 -1.23277815539757
master_peak_4924 chr5 112338549 112339224 . 676 58 201 32.2646861341399 94.622566587689 -1.0759226714582
master_peak_5002 chr5 113776872 113777796 . 925 11 252 6.11916461164722 118.631277512924 -2.9645945886586
master_peak_5003 chr5 113806240 113807111 . 872 51 236 28.3706722903644 111.099132908928 -1.36506694624683
master_peak_5022 chr5 114744392 114744746 . 355 6 70 3.33772615180757 32.9531326424788 -2.28979654676685
master_peak_5026 chr5 114883737 114884685 . 949 27 211 15.0197676831341 99.330156965186 -1.88908204141728
master_peak_5028 chr5 115007583 115007946 . 364 19 131 10.5694661473906 61.6694339452102 -1.76381911798025
master_peak_5041 chr5 115179856 115180654 . 799 19 248 10.5694661473906 116.748241361925 -2.40205054094408
master_peak_5065 chr5 115494393 115494959 . 567 29 100 16.1323430670699 47.0759037749696 -1.07093512994716
master_peak_5133 chr5 117103901 117104143 . 243 8 70 4.45030153574343 32.9531326424788 -2.00211447431507
master_peak_5134 chr5 117109687 117110050 . 364 3 37 1.66886307590379 17.4180843967388 -2.34536639792166
master_peak_5135 chr5 117131817 117132156 . 340 3 35 1.66886307590379 16.4765663212394 -2.28979654676685
master_peak_5136 chr5 117375489 117376012 . 524 11 111 6.11916461164722 52.2542531902163 -2.14469570245951
master_peak_5137 chr5 117414897 117415415 . 519 56 342 31.152110750204 160.999590910396 -1.642519820273
master_peak_5138 chr5 117454825 117455111 . 287 5 24 2.78143845983964 11.2982169059927 -1.40167669185939
master_peak_5139 chr5 117881688 117882083 . 396 4 49 2.22515076787172 23.0671928497351 -2.33858671093628
master_peak_5140 chr5 117888755 117889820 . 1066 7 143 3.8940138437755 67.3185423982066 -2.84999525515014
master_peak_5141 chr5 118115729 118116296 . 568 8 69 4.45030153574343 32.4823736047291 -1.98772573686297
master_peak_5142 chr5 118126241 118126636 . 396 0 34 0 16.0058072834897 -Inf
master_peak_5143 chr5 118224534 118224995 . 462 44 286 24.4766584465889 134.637084796413 -1.70486295084713
master_peak_5144 chr5 118257166 118257499 . 334 4 48 2.22515076787172 22.5964338119854 -2.31796742373354
master_peak_5145 chr5 118548699 118549179 . 481 41 176 22.8077953706851 82.8535906439466 -1.28997270227939
master_peak_5146 chr5 118553549 118554130 . 582 68 505 37.8275630538192 237.733314063597 -1.8381114980448
master_peak_5147 chr5 118557212 118557537 . 326 19 155 10.5694661473906 72.9676508512029 -1.93204691169835
master_peak_5150 chr5 118687613 118688541 . 929 10 107 5.56287691967929 50.3712170392175 -2.2033045154134
master_peak_5302 chr5 122611933 122612189 . 257 3 21 1.66886307590379 9.88593979274363 -1.77897092300086
master_peak_5309 chr5 122751355 122751744 . 390 16 129 8.90060307148686 60.7279158697108 -1.92028445606743
master_peak_5324 chr5 123099426 123100210 . 785 65 225 36.1586999779154 105.920783493682 -1.07477390625433
master_peak_5473 chr5 126403933 126404314 . 382 4 33 2.22515076787172 15.53504824574 -1.94327397429213
master_peak_5513 chr5 127073047 127073592 . 546 21 97 11.6820415313265 45.6636266617206 -1.3632493147255
master_peak_5522 chr5 127229223 127229835 . 613 39 193 21.6952199867492 90.8564942856914 -1.43218931672078
master_peak_5546 chr5 127698067 127698532 . 466 12 49 6.67545230361515 23.0671928497351 -1.23997442226817
master_peak_5595 chr5 128546625 128546964 . 340 26 97 14.4634799911662 45.6636266617206 -1.14967521442744
master_peak_5597 chr5 128559693 128560054 . 362 12 47 6.67545230361515 22.1256747742357 -1.1983017258676
master_peak_5601 chr5 128631996 128632685 . 690 41 147 22.8077953706851 69.2015785492054 -1.10992129401997
master_peak_5602 chr5 128644916 128645465 . 550 19 64 10.5694661473906 30.1285784159806 -1.04750487813877
master_peak_5605 chr5 128695934 128696284 . 351 6 37 3.33772615180757 17.4180843967388 -1.65221921736171
master_peak_5606 chr5 128708780 128709011 . 232 0 17 0 8.00290364174484 -Inf
master_peak_5608 chr5 128774538 128775082 . 545 51 228 28.3706722903644 107.333060606931 -1.33058077017566
master_peak_5609 chr5 128782314 128782884 . 571 19 189 10.5694661473906 88.9734581346926 -2.13036880983874
master_peak_5613 chr5 128964982 128965677 . 696 10 274 5.56287691967929 128.987976343417 -3.14360378733957
master_peak_5614 chr5 128974641 128974892 . 252 3 58 1.66886307590379 27.3040241894824 -2.79489149582385
master_peak_5624 chr5 129245155 129245859 . 705 28 108 15.576055375102 50.8419760769672 -1.18298749089456
master_peak_5626 chr5 129279226 129279483 . 258 8 35 4.45030153574343 16.4765663212394 -1.30896729375512
master_peak_5628 chr5 129379477 129379735 . 259 1 54 0.556287691967929 25.4209880384836 -3.82204482050982
master_peak_5632 chr5 129506063 129506368 . 306 11 66 6.11916461164722 31.07009649148 -1.6248202431736
master_peak_5637 chr5 129670846 129671208 . 363 11 46 6.11916461164722 21.654915736486 -1.26380689763627
master_peak_5643 chr5 129963301 129964019 . 719 18 253 10.0131784554227 119.102036550673 -2.4760785047769
master_peak_5644 chr5 129988147 129988428 . 282 2 31 1.11257538393586 14.5935301702406 -2.57390079787074
master_peak_5645 chr5 130045435 130045835 . 401 11 42 6.11916461164722 19.7718795854873 -1.17283511943054
master_peak_5670 chr5 130795154 130795376 . 223 3 39 1.66886307590379 18.3596024722382 -2.39801013140708
master_peak_5671 chr5 130836440 130837432 . 993 25 91 13.9071922991982 42.8390724352224 -1.12504445559419
master_peak_5945 chr5 135271834 135272330 . 497 27 271 15.0197676831341 127.575699230168 -2.13934272882091
master_peak_5990 chr5 135929914 135930381 . 468 11 67 6.11916461164722 31.5408555292297 -1.63985812053814
master_peak_6042 chr5 136979069 136979635 . 567 75 252 41.7215768975947 118.631277512924 -1.04500174792066
master_peak_6084 chr5 137575921 137576143 . 223 12 73 6.67545230361515 34.3654097557278 -1.63861356530593
master_peak_6212 chr5 139492733 139493087 . 355 20 77 11.1257538393586 36.2484459067266 -1.18113392224524
master_peak_6335 chr5 140965991 140966887 . 897 98 563 54.516193812857 265.037338253079 -1.58137292341466
master_peak_6389 chr5 141762990 141763237 . 248 10 36 5.56287691967929 16.9473253589891 -1.11399461940761
master_peak_6394 chr5 141821535 141821789 . 255 17 78 9.45689076345479 36.7192049444763 -1.35655625657892
master_peak_6454 chr5 142512534 142513224 . 691 76 387 42.2778645895626 182.183747609133 -1.46075212668899
master_peak_6583 chr5 144421494 144421730 . 237 3 48 1.66886307590379 22.5964338119854 -2.60564949618532
master_peak_6592 chr5 144697817 144698463 . 647 220 1001 122.383292232944 471.229796787446 -1.3481880069084
master_peak_6593 chr5 144779313 144779585 . 273 6 55 3.33772615180757 25.8917470762333 -2.04863448994996
master_peak_6594 chr5 145056817 145057206 . 390 12 43 6.67545230361515 20.2426386232369 -1.1093542398511
master_peak_6595 chr5 145130947 145131308 . 362 7 38 3.8940138437755 17.8888434344885 -1.52473678461661
master_peak_6597 chr5 145305499 145305832 . 334 9 43 5.00658922771136 20.2426386232369 -1.39703631230289
master_peak_6598 chr5 145341886 145342275 . 390 28 90 15.576055375102 42.3683133974727 -1.0006659341006
master_peak_6600 chr5 145350447 145350881 . 435 63 212 35.0461245939795 99.8009160029357 -1.04651232222602
master_peak_6607 chr5 145479403 145479646 . 244 30 106 16.6886307590379 49.9004580014678 -1.09530248639545
master_peak_6699 chr5 147056009 147056278 . 270 5 43 2.78143845983964 20.2426386232369 -1.984822977205
master_peak_6700 chr5 147084721 147085070 . 350 19 105 10.5694661473906 49.4296989637181 -1.54258214493663
master_peak_6703 chr5 147168654 147169822 . 1169 49 305 27.2580969064285 143.581506513657 -1.66155225244233
master_peak_6744 chr5 147763960 147764543 . 584 80 482 44.5030153574343 226.905856195354 -1.62897825332226
master_peak_6745 chr5 147782310 147782922 . 613 75 301 41.7215768975947 141.698470362659 -1.22268292515811
master_peak_6746 chr5 147809925 147810291 . 367 12 49 6.67545230361515 23.0671928497351 -1.23997442226817
master_peak_6748 chr5 147838954 147839417 . 464 18 61 10.0131784554227 28.7163013027315 -1.05356288022269
master_peak_6759 chr5 147966879 147967111 . 233 5 19 2.78143845983964 8.94442171724423 -1.16806184067788
master_peak_6760 chr5 148011610 148012123 . 514 55 219 30.5958230582361 103.096229267184 -1.21479931852957
master_peak_6761 chr5 148014230 148014673 . 444 15 142 8.34431537951893 66.8477833604569 -2.08083763044459
master_peak_6762 chr5 148094274 148094643 . 370 13 44 7.23173999558308 20.7133976609866 -1.05230105040227
master_peak_6764 chr5 148125617 148125880 . 264 9 43 5.00658922771136 20.2426386232369 -1.39703631230289
master_peak_6765 chr5 148146065 148146387 . 323 1 23 0.556287691967929 10.827457868243 -2.96855498987469
master_peak_6766 chr5 148186219 148186753 . 535 37 175 20.5826446028134 82.3828316061969 -1.38692883522483
master_peak_6767 chr5 148202605 148203057 . 453 13 57 7.23173999558308 26.8332651517327 -1.31116268431856
master_peak_6768 chr5 148224297 148224640 . 344 5 39 2.78143845983964 18.3596024722382 -1.88718450764109
master_peak_6769 chr5 148248541 148249158 . 618 18 96 10.0131784554227 45.1928676239709 -1.50703720751721
master_peak_6772 chr5 148306375 148306665 . 291 4 22 2.22515076787172 10.3566988304933 -1.53780886618397
master_peak_6775 chr5 148336765 148337319 . 555 11 55 6.11916461164722 25.8917470762333 -1.44249868637964
master_peak_6776 chr5 148362455 148362761 . 307 16 60 8.90060307148686 28.2455422649818 -1.15481661392786
master_peak_6792 chr5 148658190 148658615 . 426 19 62 10.5694661473906 29.1870603404812 -1.01575617982419
master_peak_6880 chr5 149581043 149581736 . 694 64 212 35.6024122859475 99.8009160029357 -1.03076396525788
master_peak_6951 chr5 150302367 150303010 . 644 46 187 25.5892338305247 88.0319400591932 -1.23552799431103
master_peak_6983 chr5 150504892 150505291 . 400 47 151 26.1455215224927 71.0846147002042 -1.00019300905041
master_peak_7013 chr5 150964496 150964722 . 227 4 20 2.22515076787172 9.41518075499393 -1.44249868637964
master_peak_7026 chr5 151085652 151086367 . 716 117 380 65.0856599602477 178.888434344885 -1.01105809186822
master_peak_7095 chr5 152026482 152026804 . 323 8 40 4.45030153574343 18.8303615099879 -1.44249868637964
master_peak_7099 chr5 152378820 152379042 . 223 5 17 2.78143845983964 8.00290364174484 -1.05683620556766
master_peak_7106 chr5 152741007 152741406 . 400 1 30 0.556287691967929 14.1227711324909 -3.2342581556077
master_peak_7107 chr5 153079612 153079898 . 287 2 31 1.11257538393586 14.5935301702406 -2.57390079787074
master_peak_7108 chr5 153135248 153135879 . 632 39 250 21.6952199867492 117.689759437424 -1.69096004567814
master_peak_7110 chr5 153157179 153157491 . 313 18 122 10.0131784554227 57.432602605463 -1.74671006078263
master_peak_7111 chr5 153159230 153160241 . 1012 48 427 26.7018092144606 201.01410911912 -2.01864377626628
master_peak_7112 chr5 153212212 153212761 . 550 8 74 4.45030153574343 34.8361687934775 -2.05768432546988
master_peak_7113 chr5 153222879 153223749 . 871 51 280 28.3706722903644 131.812530569915 -1.53602474439047
master_peak_7114 chr5 153263273 153263564 . 292 6 46 3.33772615180757 21.654915736486 -1.86994270120658
master_peak_7115 chr5 153352746 153353033 . 288 5 38 2.78143845983964 17.8888434344885 -1.86120902123783
master_peak_7116 chr5 153402404 153402876 . 473 14 88 7.78802768755101 41.4267953219733 -1.67134025880849
master_peak_7117 chr5 153463695 153464535 . 841 56 207 31.152110750204 97.4471208141872 -1.14042787647576
master_peak_7129 chr5 153654539 153654912 . 374 8 27 4.45030153574343 12.7104940192418 -1.04945609827004
master_peak_7130 chr5 153699063 153699319 . 257 9 34 5.00658922771136 16.0058072834897 -1.16219672122548
master_peak_7131 chr5 153782558 153783172 . 615 24 131 13.3509046072303 61.6694339452102 -1.53020426679875
master_peak_7194 chr5 154850269 154850740 . 472 22 85 12.2383292232944 40.0145182087242 -1.18466957707754
master_peak_7205 chr5 155024084 155024361 . 278 19 76 10.5694661473906 35.7776868689769 -1.21935513506543
master_peak_7214 chr5 155270743 155271055 . 313 6 35 3.33772615180757 16.4765663212394 -1.5966493662069
master_peak_7215 chr5 155402890 155403744 . 855 63 238 35.0461245939795 112.040650984428 -1.16219672122548
master_peak_7216 chr5 155514084 155514663 . 580 117 376 65.0856599602477 177.005398193886 -1.00047598253768
master_peak_7219 chr5 155587364 155588038 . 675 22 106 12.2383292232944 49.9004580014678 -1.40545741469929
master_peak_7222 chr5 155679439 155679661 . 223 9 38 5.00658922771136 17.8888434344885 -1.27342235633571
master_peak_7223 chr5 155727812 155728887 . 1076 23 896 12.7946169152624 421.800097823728 -3.49550697099132
master_peak_7224 chr5 155844553 155845020 . 468 3 37 1.66886307590379 17.4180843967388 -2.34536639792166
master_peak_7225 chr5 155925995 155926289 . 295 1 42 0.556287691967929 19.7718795854873 -3.57073039222891
master_peak_7226 chr5 155953239 155953584 . 346 2 38 1.11257538393586 17.8888434344885 -2.77749975311198
master_peak_7227 chr5 156094035 156094404 . 370 11 80 6.11916461164722 37.6607230199757 -1.81719213582105
master_peak_7228 chr5 156096196 156096625 . 430 5 92 2.78143845983964 43.3098314729721 -2.74541143856048
master_peak_7229 chr5 156103234 156103686 . 453 6 99 3.33772615180757 46.60514473722 -2.63642115485208
master_peak_7230 chr5 156147572 156148163 . 592 1 47 0.556287691967929 22.1256747742357 -3.6832083756556
master_peak_7231 chr5 156201858 156202138 . 281 2 25 1.11257538393586 11.7689759437424 -2.3587894182538
master_peak_7232 chr5 156326670 156327407 . 738 14 165 7.78802768755101 77.6752412286999 -2.29994891823086
master_peak_7233 chr5 156367645 156367915 . 271 6 137 3.33772615180757 64.4939881717084 -2.96128223054561
master_peak_7234 chr5 156383561 156383886 . 326 0 51 0 24.0087109252345 -Inf
master_peak_7235 chr5 156391010 156391660 . 651 13 253 7.23173999558308 119.102036550673 -2.80150090521153
master_peak_7236 chr5 156402174 156402910 . 737 8 241 4.45030153574343 113.452928097677 -3.23841616575636
master_peak_7237 chr5 156411229 156411488 . 260 1 33 0.556287691967929 15.53504824574 -3.32956833541202
master_peak_7238 chr5 156469695 156469942 . 248 4 40 2.22515076787172 18.8303615099879 -2.13564586693959
master_peak_7239 chr5 156473271 156473538 . 268 3 38 1.66886307590379 17.8888434344885 -2.37203464500382
master_peak_7240 chr5 156475745 156476215 . 471 5 134 2.78143845983964 63.0817110584593 -3.12146266146235
master_peak_7242 chr5 156879710 156880108 . 399 9 31 5.00658922771136 14.5935301702406 -1.06982340109447
master_peak_7243 chr5 156896523 156896775 . 253 4 30 2.22515076787172 14.1227711324909 -1.84796379448781
master_peak_7246 chr5 157005060 157005503 . 444 8 111 4.45030153574343 52.2542531902163 -2.46314943357804
master_peak_7247 chr5 157021942 157022443 . 502 2 78 1.11257538393586 36.7192049444763 -3.49662242007519
master_peak_7248 chr5 157038848 157039072 . 225 7 23 3.8940138437755 10.827457868243 -1.02264484081938
master_peak_7249 chr5 157049582 157050284 . 703 12 116 6.67545230361515 54.6080483789648 -2.10174431526391
master_peak_7250 chr5 157076524 157076941 . 418 10 79 5.56287691967929 37.189963982226 -1.89992353341852
master_peak_7251 chr5 157100373 157100767 . 395 10 44 5.56287691967929 20.7133976609866 -1.31466531486976
master_peak_7252 chr5 157107327 157107751 . 425 11 47 6.11916461164722 22.1256747742357 -1.28531310285723
master_peak_7277 chr5 157459972 157460391 . 420 33 107 18.3574938349417 50.3712170392175 -1.00938204694097
master_peak_7451 chr5 160188150 160188733 . 584 12 91 6.67545230361515 42.8390724352224 -1.85901363067439
master_peak_7477 chr5 160539356 160539894 . 539 24 105 13.3509046072303 49.4296989637181 -1.30896729375512
master_peak_7478 chr5 160548467 160548861 . 395 16 54 8.90060307148686 25.4209880384836 -1.04945609827004
master_peak_7480 chr5 160583616 160583839 . 224 3 17 1.66886307590379 8.00290364174484 -1.56766182933365
master_peak_7481 chr5 160625779 160626029 . 251 3 32 1.66886307590379 15.0642892079903 -2.20018438807716
master_peak_7484 chr5 160685648 160686138 . 491 5 62 2.78143845983964 29.1870603404812 -2.35075724655653
master_peak_7485 chr5 160693733 160694044 . 312 4 50 2.22515076787172 23.5379518874848 -2.3587894182538
master_peak_7486 chr5 160786752 160787050 . 299 4 38 2.22515076787172 17.8888434344885 -2.08435257255204
master_peak_7487 chr5 160798574 160798907 . 334 6 64 3.33772615180757 30.1285784159806 -2.20018438807716
master_peak_7488 chr5 160831715 160832111 . 397 4 87 2.22515076787172 40.9560362842236 -2.91267453148024
master_peak_7489 chr5 160851867 160852425 . 559 5 109 2.78143845983964 51.3127351147169 -2.91497074374059
master_peak_7490 chr5 160930449 160930684 . 236 9 72 5.00658922771136 33.8946507179781 -1.91250231562538
master_peak_7492 chr5 160968478 160968702 . 225 1 24 0.556287691967929 11.2982169059927 -3.01111460429349
master_peak_7494 chr5 161052010 161052409 . 400 5 57 2.78143845983964 26.8332651517327 -2.26667412934599
master_peak_7495 chr5 161071473 161072000 . 528 5 29 2.78143845983964 13.6520120947412 -1.59091869149792
master_peak_7496 chr5 161078919 161079335 . 417 3 34 1.66886307590379 16.0058072834897 -2.26080900989359
master_peak_7497 chr5 161086315 161086976 . 662 6 158 3.33772615180757 74.379927964452 -3.10389633774445
master_peak_7498 chr5 161092978 161093333 . 356 12 108 6.67545230361515 50.8419760769672 -2.03028535128176
master_peak_7499 chr5 161094176 161094669 . 494 1 163 0.556287691967929 76.7337231532005 -4.9268109747523
master_peak_7500 chr5 161096027 161096822 . 796 4 272 2.22515076787172 128.046458267917 -4.05256847912165
master_peak_7501 chr5 161115427 161115670 . 244 2 18 1.11257538393586 8.47366267949454 -2.03028535128176
master_peak_7502 chr5 161136192 161136905 . 714 10 240 5.56287691967929 112.982169059927 -3.01111460429349
master_peak_7503 chr5 161192740 161193051 . 312 3 15 1.66886307590379 7.06138556624545 -1.44249868637964
master_peak_7504 chr5 161199194 161199418 . 225 1 19 0.556287691967929 8.94442171724423 -2.77749975311198
master_peak_7505 chr5 161213899 161214223 . 325 4 30 2.22515076787172 14.1227711324909 -1.84796379448781
master_peak_7506 chr5 161286197 161286833 . 637 3 97 1.66886307590379 45.6636266617206 -3.30915946378082
master_peak_7507 chr5 161375272 161375544 . 273 3 31 1.66886307590379 14.5935301702406 -2.16843568976258
master_peak_7508 chr5 161380739 161380962 . 224 1 19 0.556287691967929 8.94442171724423 -2.77749975311198
master_peak_7509 chr5 161414158 161414408 . 251 1 19 0.556287691967929 8.94442171724423 -2.77749975311198
master_peak_7510 chr5 161443760 161444007 . 248 0 22 0 10.3566988304933 -Inf
master_peak_7511 chr5 161507566 161507916 . 351 6 49 3.33772615180757 23.0671928497351 -1.93312160282811
master_peak_7515 chr5 161647626 161647926 . 301 0 29 0 13.6520120947412 -Inf
master_peak_7516 chr5 161676076 161676532 . 457 3 76 1.66886307590379 35.7776868689769 -3.06518182556376
master_peak_7517 chr5 161685486 161686325 . 840 7 216 3.8940138437755 101.683952153934 -3.26242903257439
master_peak_7518 chr5 161793407 161793827 . 421 3 61 1.66886307590379 28.7163013027315 -2.84532234945074
master_peak_7519 chr5 161805263 161806184 . 922 9 104 5.00658922771136 48.9589399259684 -2.2802270957507
master_peak_7520 chr5 161846786 161847036 . 251 3 40 1.66886307590379 18.8303615099879 -2.42332793939137
master_peak_7521 chr5 161847998 161848380 . 383 6 63 3.33772615180757 29.6578193782309 -2.18443603110902
master_peak_7522 chr5 161934406 161934763 . 358 4 84 2.22515076787172 39.5437591709745 -2.87758321166897
master_peak_7523 chr5 161938358 161938971 . 614 12 117 6.67545230361515 55.0788074167145 -2.1103280589553
master_peak_7524 chr5 161946901 161947141 . 241 0 28 0 13.1812530569915 -Inf
master_peak_7525 chr5 162068597 162068839 . 243 0 103 0 48.4881808882187 -Inf
master_peak_7526 chr5 162096559 162097031 . 473 3 77 1.66886307590379 36.2484459067266 -3.07825390713112
master_peak_7527 chr5 162113636 162113872 . 237 2 23 1.11257538393586 10.827457868243 -2.27540780931475
master_peak_7528 chr5 162128041 162128606 . 566 4 43 2.22515076787172 20.2426386232369 -2.20796652851921
master_peak_7529 chr5 162133728 162134375 . 648 19 416 10.5694661473906 195.835759703874 -2.91930705504037
master_peak_7530 chr5 162198670 162198919 . 250 4 21 2.22515076787172 9.88593979274363 -1.49128885054907
master_peak_7531 chr5 162209025 162209567 . 543 59 318 32.8209738261078 149.701374004403 -1.51757471282
master_peak_7535 chr5 162323562 162323828 . 267 2 23 1.11257538393586 10.827457868243 -2.27540780931475
master_peak_7537 chr5 162363132 162363380 . 249 4 17 2.22515076787172 8.00290364174484 -1.27997975688187
master_peak_7538 chr5 162372191 162372671 . 481 9 105 5.00658922771136 49.4296989637181 -2.28979654676685
master_peak_7539 chr5 162387632 162387967 . 336 7 23 3.8940138437755 10.827457868243 -1.02264484081938
master_peak_7540 chr5 162408377 162408598 . 222 2 21 1.11257538393586 9.88593979274363 -2.18443603110902
master_peak_7542 chr5 162458634 162458920 . 287 2 25 1.11257538393586 11.7689759437424 -2.3587894182538
master_peak_7546 chr5 162513325 162513760 . 436 6 45 3.33772615180757 21.1841566987363 -1.84796379448781
master_peak_7547 chr5 162531530 162531747 . 218 2 13 1.11257538393586 6.11986749074605 -1.70486295084713
master_peak_7549 chr5 162639959 162640574 . 616 47 194 26.1455215224927 91.3272533234411 -1.25077133129881
master_peak_7550 chr5 162641309 162641622 . 314 6 44 3.33772615180757 20.7133976609866 -1.82549093863575
master_peak_7551 chr5 162654950 162655290 . 341 19 63 10.5694661473906 29.6578193782309 -1.03175652117063
master_peak_7557 chr5 162852270 162852493 . 224 3 18 1.66886307590379 8.47366267949454 -1.6248202431736
master_peak_7558 chr5 162865331 162866045 . 715 74 305 41.1652892056267 143.581506513657 -1.24930745734878
master_peak_7561 chr5 163079591 163080115 . 525 10 50 5.56287691967929 23.5379518874848 -1.44249868637964
master_peak_7562 chr5 163105267 163106040 . 774 39 223 21.6952199867492 104.979265418182 -1.57667089927601
master_peak_7564 chr5 163163934 163164167 . 234 7 37 3.8940138437755 17.4180843967388 -1.49806853753445
master_peak_7586 chr5 163565584 163566354 . 771 52 252 28.9269599823323 118.631277512924 -1.41124614287554
master_peak_7590 chr5 163614994 163615212 . 219 6 22 3.33772615180757 10.3566988304933 -1.1323437580758
master_peak_7594 chr5 163706138 163706699 . 562 18 71 10.0131784554227 33.4238916802285 -1.20536889309069
master_peak_7596 chr5 163760406 163760975 . 570 32 118 17.8012061429737 55.5495664544642 -1.13800949561148
master_peak_7617 chr5 164296452 164296990 . 539 9 79 5.00658922771136 37.189963982226 -2.00528404907634
master_peak_7622 chr5 164345128 164345661 . 534 15 104 8.34431537951893 48.9589399259684 -1.7694014719847
master_peak_7629 chr5 164515009 164515443 . 435 5 42 2.78143845983964 19.7718795854873 -1.96129247979481
master_peak_7633 chr5 164884929 164885367 . 439 7 52 3.8940138437755 24.4794699629842 -1.83839434347166
master_peak_7634 chr5 164934068 164934988 . 921 7 88 3.8940138437755 41.4267953219733 -2.36448743936844
master_peak_7637 chr5 165130407 165130962 . 556 26 101 14.4634799911662 47.5466628127193 -1.19008475276532
master_peak_7639 chr5 165157182 165157463 . 282 0 25 0 11.7689759437424 -Inf
master_peak_7654 chr5 165510856 165511296 . 441 8 32 4.45030153574343 15.0642892079903 -1.21935513506543
master_peak_7655 chr5 165525034 165525766 . 733 54 222 30.0395353662682 104.508506380433 -1.24675410925355
master_peak_7725 chr5 167399125 167399613 . 489 12 60 6.67545230361515 28.2455422649818 -1.44249868637964
master_peak_7726 chr5 167453784 167454129 . 346 8 28 4.45030153574343 13.1812530569915 -1.08582374244091
master_peak_7744 chr5 167743560 167744344 . 785 51 171 28.3706722903644 80.4997954551981 -1.04289869772388
master_peak_7745 chr5 167754180 167755141 . 962 137 457 76.2114137996063 215.136880251611 -1.03776323901162
master_peak_7815 chr5 169007113 169007455 . 343 6 42 3.33772615180757 19.7718795854873 -1.77897092300086
master_peak_7816 chr5 169020257 169020551 . 295 17 63 9.45689076345479 29.6578193782309 -1.14298215628086
master_peak_7818 chr5 169050333 169050610 . 278 9 76 5.00658922771136 35.7776868689769 -1.96656953689565
master_peak_7819 chr5 169094864 169095328 . 465 21 90 11.6820415313265 42.3683133974727 -1.28834800655238
master_peak_7824 chr5 169161075 169161677 . 603 69 431 38.3838507457871 202.897145270119 -1.66506235945203
master_peak_7838 chr5 169576007 169576634 . 628 54 205 30.0395353662682 96.5056027386878 -1.16708670651968
master_peak_7851 chr5 169745613 169745971 . 359 13 50 7.23173999558308 23.5379518874848 -1.18013442191215
master_peak_7853 chr5 169770063 169770905 . 843 25 129 13.9071922991982 60.7279158697108 -1.47399735343901
master_peak_7854 chr5 169787967 169788541 . 575 72 254 40.0527138216909 119.572795588423 -1.09372892194802
master_peak_7879 chr5 170306096 170306674 . 579 19 69 10.5694661473906 32.4823736047291 -1.12272829937636
master_peak_7881 chr5 170312772 170312994 . 223 11 41 6.11916461164722 19.3011205477376 -1.14873756785148
master_peak_7945 chr5 171667669 171668269 . 601 50 254 27.8143845983964 119.572795588423 -1.45837203553593
master_peak_8059 chr5 173290331 173290971 . 641 105 802 58.4102076566325 377.548748275257 -1.86620903165453
master_peak_8111 chr5 174247270 174247656 . 387 12 44 6.67545230361515 20.7133976609866 -1.1323437580758
master_peak_8138 chr5 174829410 174829967 . 558 9 114 5.00658922771136 53.6665303034654 -2.37203464500382
master_peak_8139 chr5 174837923 174838491 . 569 14 70 7.78802768755101 32.9531326424788 -1.44249868637964
master_peak_8143 chr5 175059742 175060429 . 688 25 81 13.9071922991982 38.1314820577254 -1.00863410374978
master_peak_8182 chr5 175796924 175797430 . 507 31 295 17.2449184510058 138.87391613616 -2.08604892580022
master_peak_8312 chr5 177537840 177538209 . 370 15 82 8.34431537951893 38.6022410954751 -1.53172982010759
master_peak_8330 chr5 177944435 177944681 . 247 4 33 2.22515076787172 15.53504824574 -1.94327397429213
master_peak_8334 chr5 178013875 178014119 . 245 3 22 1.66886307590379 10.3566988304933 -1.82549093863575
master_peak_8383 chr5 179209616 179210116 . 501 36 143 20.0263569108454 67.3185423982066 -1.21238646574934
master_peak_8384 chr5 179258752 179259877 . 1126 198 992 110.14496300965 466.992965447699 -1.44451685053588
master_peak_8385 chr5 179265494 179267558 . 2065 485 2837 269.799530604446 1335.54339009589 -1.59941431781691
master_peak_8386 chr5 179275828 179276603 . 776 243 890 135.177909148207 418.97554359723 -1.13122079333118
master_peak_8387 chr5 179344055 179345806 . 1752 58 423 32.2646861341399 199.131072968122 -1.8199899424454
master_peak_8482 chr5 180885813 180886175 . 363 15 53 8.34431537951893 24.9502290007339 -1.09530248639545
