master_peak_56 chr5 506345 506610 . 266 31 10 17.2449184510058 4.70759037749696 1.29834133754556
master_peak_103 chr5 1053104 1053423 . 320 77 27 42.8341522815305 12.7104940192418 1.21490778190381
master_peak_116 chr5 1193318 1193808 . 491 60 21 33.3772615180757 9.88593979274363 1.21676135055314
master_peak_186 chr5 1930819 1931065 . 247 38 14 21.1389322947813 6.59062652849575 1.16546805616559
master_peak_190 chr5 1976055 1976353 . 299 31 13 17.2449184510058 6.11986749074605 1.03597707307807
master_peak_196 chr5 2067495 2067728 . 234 18 7 10.0131784554227 3.29531326424788 1.11140083489531
master_peak_198 chr5 2105286 2105561 . 276 35 14 19.4700692188775 6.59062652849575 1.08322995792861
master_peak_317 chr5 5487854 5488123 . 270 37 15 20.5826446028134 7.06138556624545 1.06980693759647
master_peak_570 chr5 10392687 10393211 . 525 131 36 72.8736876477987 16.9473253589891 1.4586176107995
master_peak_637 chr5 11334327 11334959 . 633 94 35 52.2910430449853 16.4765663212394 1.15488594683505
master_peak_720 chr5 13251887 13252126 . 240 86 22 47.8407415092419 10.3566988304933 1.53024406894965
master_peak_980 chr5 17224975 17225365 . 391 58 24 32.2646861341399 11.2982169059927 1.04932840625293
master_peak_1025 chr5 18056466 18056822 . 357 31 8 17.2449184510058 3.76607230199757 1.52148488885977
master_peak_1029 chr5 18149619 18150278 . 660 128 43 71.2048245718949 20.2426386232369 1.25776937428051
master_peak_1058 chr5 18792173 18792711 . 539 138 44 76.7677014915742 20.7133976609866 1.3100032772934
master_peak_1126 chr5 20894634 20894931 . 298 13 5 7.23173999558308 2.35379518874848 1.12245067108189
master_peak_1130 chr5 21121083 21121411 . 329 28 11 15.576055375102 5.17834941524666 1.10124846343129
master_peak_1165 chr5 22385831 22386048 . 218 7 3 3.8940138437755 1.41227711324909 1.01423708644166
master_peak_1170 chr5 22908126 22908385 . 260 18 7 10.0131784554227 3.29531326424788 1.11140083489531
master_peak_1179 chr5 23332609 23332905 . 297 37 11 20.5826446028134 5.17834941524666 1.37996186590031
master_peak_1181 chr5 23419206 23419510 . 305 32 9 17.8012061429737 4.23683133974727 1.43545055151796
master_peak_1182 chr5 23440507 23441061 . 555 76 21 42.2778645895626 9.88593979274363 1.45315012861737
master_peak_1184 chr5 23486165 23486740 . 576 82 22 45.6155907413702 10.3566988304933 1.4826160199604
master_peak_1188 chr5 23688308 23688963 . 656 63 26 35.0461245939795 12.2397349814921 1.05197741442451
master_peak_1189 chr5 23719468 23719814 . 347 20 5 11.1257538393586 2.35379518874848 1.55323358717435
master_peak_1190 chr5 23812846 23813116 . 271 24 2 13.3509046072303 0.941518075499393 2.65184587584246
master_peak_1192 chr5 23840045 23840356 . 312 24 6 13.3509046072303 2.82455422649818 1.55323358717435
master_peak_1193 chr5 24058931 24059298 . 368 34 6 18.9137815269096 2.82455422649818 1.90154028144256
master_peak_1194 chr5 24094010 24094605 . 596 193 83 107.36352454981 39.0730001332248 1.01078880716275
master_peak_1195 chr5 24140795 24141225 . 431 22 5 12.2383292232944 2.35379518874848 1.64854376697867
master_peak_1196 chr5 24162148 24162487 . 340 14 4 7.78802768755101 1.88303615099879 1.41970219454983
master_peak_1197 chr5 24171258 24171569 . 312 14 1 7.78802768755101 0.470759037749696 2.80599655566972
master_peak_1198 chr5 24222976 24223193 . 218 22 5 12.2383292232944 2.35379518874848 1.64854376697867
master_peak_1200 chr5 24390004 24390483 . 480 89 35 49.5096045851457 16.4765663212394 1.10022753429718
master_peak_1208 chr5 25006875 25007167 . 293 31 9 17.2449184510058 4.23683133974727 1.40370185320338
master_peak_1212 chr5 25119629 25119865 . 237 21 6 11.6820415313265 2.82455422649818 1.41970219454983
master_peak_1222 chr5 26295686 26296003 . 318 30 11 16.6886307590379 5.17834941524666 1.17024133491824
master_peak_1224 chr5 26364116 26364589 . 474 48 19 26.7018092144606 8.94442171724423 1.09370125779591
master_peak_1228 chr5 26700739 26701033 . 295 48 18 26.7018092144606 8.47366267949454 1.14776847906618
master_peak_1271 chr5 28015039 28015473 . 435 38 15 21.1389322947813 7.06138556624545 1.09647518467863
master_peak_1272 chr5 28165171 28165545 . 375 106 39 58.9664953486005 18.3596024722382 1.16681667403688
master_peak_1276 chr5 28234450 28234853 . 404 61 22 33.9335492100437 10.3566988304933 1.18677063686945
master_peak_1325 chr5 30544171 30544435 . 265 16 5 8.90060307148686 2.35379518874848 1.33009003586014
master_peak_1362 chr5 31664622 31664975 . 354 83 35 46.1718784333381 16.4765663212394 1.03043177236164
master_peak_1661 chr5 37400697 37400967 . 271 25 10 13.9071922991982 4.70759037749696 1.08322995792861
master_peak_1745 chr5 38648827 38649112 . 286 55 20 30.5958230582361 9.41518075499393 1.17854013773294
master_peak_1787 chr5 39146991 39147251 . 261 31 12 17.2449184510058 5.64910845299636 1.1160197807516
master_peak_1823 chr5 39668903 39669212 . 310 26 11 14.4634799911662 5.17834941524666 1.02714049127757
master_peak_1909 chr5 41465312 41465816 . 505 50 18 27.8143845983964 8.47366267949454 1.18859047358644
master_peak_1997 chr5 43167811 43168146 . 336 31 12 17.2449184510058 5.64910845299636 1.1160197807516
master_peak_2050 chr5 44868705 44869099 . 395 29 10 16.1323430670699 4.70759037749696 1.23164996304689
master_peak_2053 chr5 44928912 44929244 . 333 56 22 31.152110750204 10.3566988304933 1.10124846343129
master_peak_2066 chr5 45205490 45205985 . 496 57 22 31.7083984421719 10.3566988304933 1.11894804053069
master_peak_2069 chr5 45374461 45374782 . 322 15 3 8.34431537951893 1.41227711324909 1.77637713848856
master_peak_2120 chr5 50995242 50995499 . 258 26 11 14.4634799911662 5.17834941524666 1.02714049127757
master_peak_2292 chr5 54768497 54768798 . 302 52 18 28.9269599823323 8.47366267949454 1.22781118673972
master_peak_2326 chr5 55499042 55499468 . 427 24 8 13.3509046072303 3.76607230199757 1.26555151472257
master_peak_2343 chr5 55830017 55830303 . 287 35 15 19.4700692188775 7.06138556624545 1.01423708644166
master_peak_2359 chr5 56072428 56072675 . 248 66 25 36.7149876698833 11.7689759437424 1.13771814321268
master_peak_2393 chr5 56596370 56596621 . 252 30 11 16.6886307590379 5.17834941524666 1.17024133491824
master_peak_2467 chr5 57950791 57951011 . 221 13 5 7.23173999558308 2.35379518874848 1.12245067108189
master_peak_2471 chr5 58034709 58035022 . 314 14 2 7.78802768755101 0.941518075499393 2.11284937510977
master_peak_2524 chr5 58987185 58987441 . 257 24 9 13.3509046072303 4.23683133974727 1.14776847906618
master_peak_2526 chr5 59020696 59021112 . 417 106 38 58.9664953486005 17.8888434344885 1.19279216044014
master_peak_2599 chr5 60161253 60161763 . 511 50 21 27.8143845983964 9.88593979274363 1.03443979375918
master_peak_2612 chr5 60395882 60396118 . 237 36 11 20.0263569108454 5.17834941524666 1.3525628917122
master_peak_2687 chr5 61642136 61642407 . 272 59 22 32.8209738261078 10.3566988304933 1.15343421660186
master_peak_2760 chr5 63308010 63308541 . 532 71 15 39.496426129723 7.06138556624545 1.72156890199356
master_peak_2765 chr5 63456115 63456599 . 485 108 36 60.0790707325363 16.9473253589891 1.26555151472257
master_peak_2955 chr5 67425638 67425935 . 298 21 6 11.6820415313265 2.82455422649818 1.41970219454983
master_peak_2963 chr5 67765412 67765664 . 253 10 4 5.56287691967929 1.88303615099879 1.08322995792861
master_peak_2965 chr5 67795713 67796196 . 484 44 19 24.4766584465889 8.94442171724423 1.00668988080628
master_peak_2981 chr5 68148178 68148398 . 221 15 5 8.34431537951893 2.35379518874848 1.26555151472257
master_peak_3145 chr5 72752927 72753204 . 278 23 9 12.7946169152624 4.23683133974727 1.10520886464739
master_peak_3437 chr5 78116782 78117029 . 248 16 3 8.90060307148686 1.41227711324909 1.84091565962613
master_peak_3511 chr5 79269874 79270108 . 235 17 5 9.45689076345479 2.35379518874848 1.39071465767657
master_peak_3519 chr5 79504233 79504689 . 457 57 22 31.7083984421719 10.3566988304933 1.11894804053069
master_peak_3640 chr5 81862454 81862701 . 248 38 15 21.1389322947813 7.06138556624545 1.09647518467863
master_peak_3714 chr5 83313310 83313562 . 253 12 4 6.67545230361515 1.88303615099879 1.26555151472257
master_peak_3755 chr5 84294035 84294545 . 511 186 52 103.469510706035 24.4794699629842 1.44144218118623
master_peak_3770 chr5 84592598 84593067 . 470 31 13 17.2449184510058 6.11986749074605 1.03597707307807
master_peak_3814 chr5 86812854 86813222 . 369 19 8 10.5694661473906 3.76607230199757 1.03193666354106
master_peak_3840 chr5 87260652 87261064 . 413 64 25 35.6024122859475 11.7689759437424 1.10694648454593
master_peak_3962 chr5 89729953 89730284 . 332 54 23 30.0395353662682 10.827457868243 1.02042905668958
master_peak_3985 chr5 90304739 90305238 . 500 36 8 20.0263569108454 3.76607230199757 1.67101662283073
master_peak_4051 chr5 91464929 91465199 . 271 82 32 45.6155907413702 15.0642892079903 1.10792257051898
master_peak_4054 chr5 91499892 91500232 . 341 41 17 22.8077953706851 8.00290364174484 1.04729794870255
master_peak_4059 chr5 91651648 91651870 . 223 15 4 8.34431537951893 1.88303615099879 1.48869506603678
master_peak_4073 chr5 92222576 92222901 . 326 40 17 22.2515076787172 8.00290364174484 1.02260533611218
master_peak_4109 chr5 93117900 93118147 . 248 14 6 7.78802768755101 2.82455422649818 1.01423708644166
master_peak_4143 chr5 93653849 93654365 . 517 36 14 20.0263569108454 6.59062652849575 1.11140083489531
master_peak_4273 chr5 96209874 96210211 . 338 72 16 40.0527138216909 7.53214460399514 1.67101662283073
master_peak_4285 chr5 96377096 96377618 . 523 97 41 53.9599061208891 19.3011205477376 1.02807813785353
master_peak_4290 chr5 96450209 96450477 . 269 104 29 57.8539199646646 13.6520120947412 1.44403429520936
master_peak_4353 chr5 97521798 97522056 . 259 8 2 4.45030153574343 0.941518075499393 1.55323358717435
master_peak_4357 chr5 97618718 97618983 . 266 15 5 8.34431537951893 2.35379518874848 1.26555151472257
master_peak_4368 chr5 97929543 97929992 . 450 28 12 15.576055375102 5.64910845299636 1.01423708644166
master_peak_4448 chr5 99646148 99646467 . 320 52 13 28.9269599823323 6.11986749074605 1.55323358717435
master_peak_4471 chr5 100520317 100520634 . 318 33 14 18.3574938349417 6.59062652849575 1.02438945790568
master_peak_4479 chr5 100698102 100698338 . 237 18 7 10.0131784554227 3.29531326424788 1.11140083489531
master_peak_4508 chr5 101658601 101658972 . 372 48 19 26.7018092144606 8.94442171724423 1.09370125779591
master_peak_4599 chr5 103519692 103520141 . 450 43 11 23.9203707546209 5.17834941524666 1.53024406894965
master_peak_4624 chr5 104273204 104273500 . 297 49 15 27.2580969064285 7.06138556624545 1.35070932306287
master_peak_4635 chr5 104715311 104715765 . 455 38 15 21.1389322947813 7.06138556624545 1.09647518467863
master_peak_4655 chr5 106122128 106122362 . 235 28 10 15.576055375102 4.70759037749696 1.19655864323562
master_peak_4679 chr5 106699302 106699621 . 320 27 9 15.0197676831341 4.23683133974727 1.26555151472257
master_peak_4694 chr5 107247862 107248340 . 479 60 25 33.3772615180757 11.7689759437424 1.04240796340836
master_peak_4786 chr5 109352196 109352671 . 476 31 13 17.2449184510058 6.11986749074605 1.03597707307807
master_peak_4860 chr5 111298961 111299234 . 274 22 5 12.2383292232944 2.35379518874848 1.64854376697867
master_peak_4878 chr5 111564837 111565273 . 437 38 12 21.1389322947813 5.64910845299636 1.31961873599284
master_peak_4912 chr5 112065142 112065421 . 280 28 9 15.576055375102 4.23683133974727 1.30191915889344
master_peak_4949 chr5 112899523 112899780 . 258 19 6 10.5694661473906 2.82455422649818 1.31961873599284
master_peak_5018 chr5 114419863 114420463 . 601 94 39 52.2910430449853 18.3596024722382 1.04667236219482
master_peak_5039 chr5 115142270 115142513 . 244 16 6 8.90060307148686 2.82455422649818 1.14776847906618
master_peak_5120 chr5 116632899 116633224 . 326 63 27 35.0461245939795 12.7104940192418 1.01423708644166
master_peak_5165 chr5 119225842 119226155 . 314 17 7 9.45689076345479 3.29531326424788 1.05424242105536
master_peak_5174 chr5 119359178 119359712 . 535 279 76 155.204266059052 35.7776868689769 1.46741766758949
master_peak_5220 chr5 120502449 120502712 . 264 19 6 10.5694661473906 2.82455422649818 1.31961873599284
master_peak_5250 chr5 121429796 121430016 . 221 34 10 18.9137815269096 4.70759037749696 1.39071465767657
master_peak_5262 chr5 121834121 121834499 . 379 34 10 18.9137815269096 4.70759037749696 1.39071465767657
master_peak_5267 chr5 122040900 122041147 . 248 21 9 11.6820415313265 4.23683133974727 1.01423708644166
master_peak_5344 chr5 123539117 123539398 . 282 47 13 26.1455215224927 6.11986749074605 1.45213747030298
master_peak_5349 chr5 123665796 123666126 . 331 33 9 18.3574938349417 4.23683133974727 1.46622221018472
master_peak_5373 chr5 124012893 124013131 . 239 11 2 6.11916461164722 0.941518075499393 1.87168731829288
master_peak_5386 chr5 124264022 124264751 . 730 63 23 35.0461245939795 10.827457868243 1.17457973651684
master_peak_5389 chr5 124315967 124316351 . 385 27 10 15.0197676831341 4.70759037749696 1.16019099906474
master_peak_5418 chr5 124949843 124950105 . 263 21 7 11.6820415313265 3.29531326424788 1.26555151472257
master_peak_5457 chr5 125846391 125846611 . 221 15 6 8.34431537951893 2.82455422649818 1.08322995792861
master_peak_5623 chr5 129237999 129238220 . 222 6 1 3.33772615180757 0.470759037749696 1.95869869528251
master_peak_5722 chr5 131898668 131898901 . 234 14 4 7.78802768755101 1.88303615099879 1.41970219454983
master_peak_5763 chr5 132342537 132343102 . 566 45 17 25.0329461385568 8.00290364174484 1.14038837176856
master_peak_5859 chr5 133989445 133989758 . 314 27 11 15.0197676831341 5.17834941524666 1.06488081926042
master_peak_5871 chr5 134092903 134093295 . 393 60 17 33.3772615180757 8.00290364174484 1.42807044422034
master_peak_5929 chr5 135058564 135059098 . 535 69 25 38.3838507457871 11.7689759437424 1.18216990578352
master_peak_6013 chr5 136204997 136205820 . 824 451 180 250.885749077536 84.7366267949454 1.08544971466693
master_peak_6029 chr5 136710173 136710454 . 282 33 11 18.3574938349417 5.17834941524666 1.26555151472257
master_peak_6045 chr5 137016955 137017228 . 274 37 15 20.5826446028134 7.06138556624545 1.06980693759647
master_peak_6073 chr5 137432318 137432878 . 561 140 49 77.88027687551 23.0671928497351 1.21676135055314
master_peak_6080 chr5 137510762 137511008 . 247 32 8 17.8012061429737 3.76607230199757 1.55323358717435
master_peak_6102 chr5 137870778 137871038 . 261 20 6 11.1257538393586 2.82455422649818 1.37091203038039
master_peak_6104 chr5 137921999 137922277 . 279 52 18 28.9269599823323 8.47366267949454 1.22781118673972
master_peak_6114 chr5 138133130 138133920 . 791 224 94 124.608443000816 44.2513495484715 1.03529049563949
master_peak_6181 chr5 139061391 139061636 . 246 29 12 16.1323430670699 5.64910845299636 1.04932840625293
master_peak_6298 chr5 140391295 140391520 . 226 26 9 14.4634799911662 4.23683133974727 1.22781118673972
master_peak_6332 chr5 140841097 140841374 . 278 21 8 11.6820415313265 3.76607230199757 1.13202012209804
master_peak_6342 chr5 141094279 141094902 . 624 144 38 80.1054276433818 17.8888434344885 1.49916636590407
master_peak_6386 chr5 141742781 141743535 . 755 188 76 104.582086089971 35.7776868689769 1.07264784859808
master_peak_6411 chr5 142000828 142001060 . 233 40 16 22.2515076787172 7.53214460399514 1.08322995792861
master_peak_6424 chr5 142116034 142116421 . 388 39 14 21.6952199867492 6.59062652849575 1.19144354256885
master_peak_6502 chr5 143025732 143026505 . 774 191 76 106.250949165874 35.7776868689769 1.08847931381476
master_peak_6546 chr5 143701270 143701758 . 489 126 51 70.092249187959 24.0087109252345 1.07139550028161
master_peak_6573 chr5 144156787 144157219 . 433 45 19 25.0329461385568 8.94442171724423 1.02916273665834
master_peak_6686 chr5 146622371 146622673 . 303 41 17 22.8077953706851 8.00290364174484 1.04729794870255
master_peak_6721 chr5 147439329 147439709 . 381 69 28 38.3838507457871 13.1812530569915 1.06884122047651
master_peak_6842 chr5 149210142 149210609 . 468 138 37 76.7677014915742 17.4180843967388 1.48327499856744
master_peak_6948 chr5 150285231 150285459 . 229 55 21 30.5958230582361 9.88593979274363 1.12974997356351
master_peak_7048 chr5 151408779 151409101 . 323 66 20 36.7149876698833 9.41518075499393 1.36086169452689
master_peak_7060 chr5 151615387 151615740 . 354 117 31 65.0856599602477 14.5935301702406 1.49512595636707
master_peak_7061 chr5 151617777 151618300 . 524 144 60 80.1054276433818 28.2455422649818 1.04240796340836
master_peak_7078 chr5 151750939 151751751 . 813 206 85 114.595264545393 40.0145182087242 1.05216413835372
master_peak_7166 chr5 154461498 154461781 . 284 50 19 27.8143845983964 8.94442171724423 1.13452325231616
master_peak_7288 chr5 157568886 157569205 . 320 51 19 28.3706722903644 8.94442171724423 1.15432587961234
master_peak_7350 chr5 158624966 158625388 . 423 63 22 35.0461245939795 10.3566988304933 1.21903149908767
master_peak_7357 chr5 158679213 158679496 . 284 16 6 8.90060307148686 2.82455422649818 1.14776847906618
master_peak_7457 chr5 160304561 160305113 . 553 191 30 106.250949165874 14.1227711324909 2.01801527243893
master_peak_7460 chr5 160335693 160335953 . 261 30 6 16.6886307590379 2.82455422649818 1.77637713848856
master_peak_7598 chr5 163815229 163815524 . 296 11 4 6.11916461164722 1.88303615099879 1.17854013773294
master_peak_7690 chr5 166519050 166519459 . 410 53 21 29.4832476743002 9.88593979274363 1.09270870188316
master_peak_7698 chr5 166700364 166700622 . 259 19 7 10.5694661473906 3.29531326424788 1.16546805616559
master_peak_7704 chr5 166837064 166837362 . 299 13 3 7.23173999558308 1.41227711324909 1.63327629484788
master_peak_7758 chr5 168076653 168077007 . 355 49 13 27.2580969064285 6.11986749074605 1.49381016670355
master_peak_7865 chr5 170070885 170071394 . 510 70 14 38.940138437755 6.59062652849575 1.77637713848856
master_peak_7911 chr5 170893254 170893619 . 366 75 30 41.7215768975947 14.1227711324909 1.08322995792861
master_peak_7992 chr5 172370550 172370882 . 333 37 13 20.5826446028134 6.11986749074605 1.21290778123715
master_peak_8053 chr5 173165226 173165469 . 244 35 12 19.4700692188775 5.64910845299636 1.23738063775587
master_peak_8066 chr5 173354758 173354982 . 225 11 4 6.11916461164722 1.88303615099879 1.17854013773294
master_peak_8110 chr5 174229848 174230503 . 656 323 122 179.680924505641 57.432602605463 1.14057050454386
master_peak_8144 chr5 175132537 175132859 . 323 24 10 13.3509046072303 4.70759037749696 1.04240796340836
master_peak_8146 chr5 175202450 175202755 . 306 49 20 27.2580969064285 9.41518075499393 1.06302725061109
master_peak_8154 chr5 175337112 175337697 . 586 80 29 44.5030153574343 13.6520120947412 1.18167003074187
master_peak_8157 chr5 175383441 175383782 . 342 62 8 34.4898369020116 3.76607230199757 2.21463206941971
master_peak_8158 chr5 175418118 175418612 . 495 156 43 86.7808799469969 20.2426386232369 1.45559511761043
master_peak_8170 chr5 175640385 175640805 . 421 34 12 18.9137815269096 5.64910845299636 1.20839310088262
master_peak_8180 chr5 175788274 175788748 . 475 91 22 50.6221799690815 10.3566988304933 1.58675627921299
master_peak_8221 chr5 176405865 176406096 . 232 34 13 18.9137815269096 6.11986749074605 1.12835039320908
master_peak_8267 chr5 176956038 176956312 . 275 33 13 18.3574938349417 6.11986749074605 1.0984974300594
master_peak_8321 chr5 177702674 177702911 . 238 17 6 9.45689076345479 2.82455422649818 1.20839310088262
master_peak_8359 chr5 178350420 178350825 . 406 53 22 29.4832476743002 10.3566988304933 1.04618868624826
master_peak_8360 chr5 178361688 178362272 . 585 64 24 35.6024122859475 11.2982169059927 1.14776847906618
master_peak_8421 chr5 179852328 179852599 . 272 19 6 10.5694661473906 2.82455422649818 1.31961873599284
master_peak_8470 chr5 180745452 180745694 . 243 25 8 13.9071922991982 3.76607230199757 1.30637350924282
master_peak_8497 chr5 181088370 181088664 . 295 61 24 33.9335492100437 11.2982169059927 1.09975925987982
